2889574
2768664
591868
344056
344060
344002
2345780
3980407
783643
1892739
344012
343984
2173312
3832274
344030
344032
425266
344059
3684210
2787874
343986
2391711
344057
2442622
2361699
2605186
2334402
1005685
3612261
2792238
2768176
3014954
1014481
1236326
486718
343951
344011
2179991
2589615
2548096
726711
2344033
2284997
2182315
2308994
2498968
2740109
2636792
2704700
344010
2286886
2322231
2814706
2337697
3490524
1683151
343949
1894093
343964
2867335
393890
924145
344069
344068
1758153
343942
3910734
344042
2850811
2596523
1583243
2957526
343983
344035
1005369
1513908
344044
344050
343972
343971
343968
1838109
343969
344046
343970
2408348
697539
2323699
3381762
2325571
2862619
344062
343939
3979784
1613676
2815441
3910358
591980
2825972
3244954
2726185
2222496
2196034
2466866
2510408
2510392
2513253
344058
2523177
1838330
3279606
2026445
2899503
3654855
2914991
2488734
2953086
3643562
2691962
1339844
3559492
2356117
2293245
344063
2334938
382765
2419079
2171061
3971627
344061
1751163
344064
344026
2755087
344016
343940
2406465
2756905
2502196
2962181
3542003
2232165
344021
3577565
343975
1835189
343990
344038
344039
343944
4185388
343982
486825
343943
343966
343945
2179585
2356084
2560064
2560082
2559315
343998
343956
344052
3006001
343958
343965
343997
343938
861316
2563846
3402501
1893690
343963
1405598
343953
344033
344031
344040
344043
343954
344036
343959
343961
343960
2277593
764468
344037
344108
344051
344034
343962
486898
2706483
2704048
343950
343973
343952
343976
344047
344019
1936412
343974
343946
343967
1160306
343957
344025
343941
344014
343947
343980
344054
344013
343981
2264474
344015
3499686
344095
344020
343948
343977
